[array([[ 2.0148208e+00, -2.2839105e+00, -6.7935726e-03, -2.6810875e+00,
         2.0841913e+00,  3.1934209e-02,  1.6116799e+00,  1.4774842e+00,
        -9.3139685e-04,  8.3365113e-02]], dtype=float32), array([-0.9638075 , -0.47515768, -0.01533254, -1.1984066 , -0.9990689 ,
       -0.05275314, -0.34003356, -0.3212889 , -0.0154522 , -0.06914987],
      dtype=float32), array([[-1.9740406e-03, -2.5102329e-01,  1.1473096e-02, -1.2206083e-02,
        -7.1929283e-02, -3.3228830e-01, -1.8886600e-01, -8.3171535e-01,
        -4.1998482e-01, -4.0317275e-02],
       [-2.6872635e-02, -2.8458613e-01, -4.0756702e-02,  1.1887485e-02,
         3.9009333e-01, -3.0454051e-01, -1.8011051e-01, -1.0485613e+00,
        -5.0699365e-01, -3.6129449e-02],
       [-4.0504526e-02,  3.9824344e-02, -1.8152595e-03,  3.6880378e-02,
        -1.3019684e-02,  4.1705281e-02, -2.8859871e-02,  7.3616481e-03,
        -3.3186331e-02,  4.4835716e-02],
       [-1.0813750e-02, -3.4642118e-01,  3.8107071e-02,  4.7739409e-03,
         4.7216710e-01, -3.5254154e-01, -2.0831172e-01, -1.1166146e+00,
        -4.9151179e-01, -3.9836086e-02],
       [-3.7252314e-02, -3.1846172e-01, -4.6511315e-04,  1.3473242e-02,
        -1.8465903e-02, -3.2324219e-01, -1.5215968e-01, -8.5095650e-01,
        -4.4907066e-01, -3.9610960e-02],
       [-3.3653680e-02, -2.9100772e-02, -2.2420932e-02,  2.9125959e-02,
         3.9176833e-02, -5.7942402e-02,  1.2544236e-02, -8.8781707e-02,
        -3.6991265e-02,  8.6520119e-03],
       [ 3.6050402e-02, -2.9869694e-01, -2.5377457e-04,  7.8449938e-03,
        -2.5649555e-02, -2.4328606e-01, -1.3023809e-01, -7.4270964e-01,
        -4.3822211e-01, -4.6260048e-02],
       [-3.2504469e-02, -1.8286858e-01, -1.2515652e-02,  4.1938727e-04,
         1.6672444e-02, -2.0410731e-01, -1.9766310e-01, -7.1055067e-01,
        -3.4582561e-01,  3.5016801e-02],
       [-4.7897469e-02,  1.1212075e-02, -4.3058824e-02,  2.6259249e-02,
        -9.2815347e-03, -4.5480419e-02, -4.1645356e-02, -2.8009215e-02,
         8.6284392e-03,  1.6918248e-02],
       [-2.2086313e-02, -8.4132357e-03, -2.8090961e-03, -3.9243463e-02,
         3.4561239e-02, -2.2233458e-02, -3.2397192e-02, -7.4657187e-02,
        -4.9568009e-02,  3.1936698e-02]], dtype=float32), array([-1.7107630e-02,  2.0853105e+00, -7.5557351e-02, -3.0829901e-01,
       -3.3737500e-03,  2.1732898e+00,  1.2761739e+00,  5.5821085e+00,
        1.8642608e+00, -1.8970086e-01], dtype=float32), array([[-0.2785163 ],
       [ 1.5731246 ],
       [-0.43876562],
       [-0.677905  ],
       [-0.60025793],
       [ 1.6450619 ],
       [ 0.9632612 ],
       [ 4.455105  ],
       [ 1.82949   ],
       [-0.6712874 ]], dtype=float32), array([1.8399485], dtype=float32)]